1
2
15
18
21
28
32
34
41
49
59
61
66
68
74
75
79
80
88
91
92
100
102
103
112
113
115
122
123
130
135
141
142
146
152
153
157
164
168
170
179
187
188
191
194
196
199
200
203
205
207
208
212
216
217
218
223
224
227
230
250
252
253
255
267
269
270
276
279
286
290
298
299
300
301
310
317
319
321
326
327
331
333
336
337
342
343
345
346
356
360
371
372
373
376
378
379
381
382
383
387
391
404
407
408
414
417
420
422
423
424
433
457
467
468
470
472
473
474
476
477
480
482
484
494
501
509
517
519
525
532
537
538
544
545
549
552
553
555
558
560
561
564
568
569
575
577
581
583
585
587
592
595
598
603
606
608
611
613
614
616
619
626
636
642
643
648
649
652
654
655
656
664
666
670
671
672
673
674
682
684
689
690
692
696
705
708
711
719
722
723
727
729
730
735
736
740
744
746
748
752
762
764
765
769
773
774
776
781
783
785
799
803
807
808
809
811
817
820
824
826
828
831
838
843
845
848
850
853
857
859
861
864
866
867
872
876
877
880
886
890
895
897
900
901
903
906
907
913
914
932
933
937
946
947
949
950
953
958
962
963
967
970
973
979
984
988
991
992
996
1001
1006
1011
1013
1015
1018
1022
1025
1039
1040
1042
1045
1049
1058
1062
1067
1073
1076
1086
1087
1089
1093
1096
1099
1104
1115
1116
1125
1128
1129
1142
1147
1153
1154
1158
1159
1160
1161
1166
1167
1168
1169
1171
1174
1184
1186
1188
1194
1200
1204
1205
1207
1210
1213
1214
1217
1222
1237
1244
1247
1249
1251
1254
1255
1256
1257
1258
1259
1260
1261
1262
1265
1266
1267
1268
1269
1270
1271
1273
1274
1275
1276
1277
1278
1279
1280
1281
1282
1283
1284
1285
1286
1287
1288
1290
1293
1294
1295
1296
1297
1298
1299
1300
1301
1302
1305
1306
1307
1308
1310
1311
1312
1313
1314
1315
1316
1317
1318
1319
1320
1321
1322
1323
1324
1326
1327
1329
1330
1331
1332
1333
1334
1335
1336
1337
1338
1339
1340
1341
1342
1343
1344
1345
1346
1347
1348
1349
1350
1351
1352
1353
1354
1355
1356
1357
1358
1359
1361
1362
1363
1364
1365
1367
1368
1369
1370
1371
1372
1373
1374
1375
1376
1377
1378
1379
1380
1381
1382
1383
1384
1385
1386
1387
1388
1389
1390
1391
1392
1393
1395
1396
1397
1398
1399
1400
1401
1402
1403
1404
1405
1406
1407
1408
1409
1410
1411
1412
1413
1414
1415
1416
1417
1418
1419
1420
1421
1422
1423
1424
1425
1426
1427
1428
1429
1430
1431
1432
1433
1434
1435
1436
1437
1438
1439
1440
1441
1442
1443
1444
1445
1446
1447
1448
1449
1450
1451
1452
1453
1454
1455
1456
1457
1458
1459
1460
1461
1462
1464
